$ 1 0.000005 10.20027730826997 50 5 50 5e-11
f 1024 480 1072 480 0 1.5 0.02
R 816 592 784 592 0 0 40 5 0 0 0.5
r 816 592 896 592 0 1000
r 896 592 896 672 0 1000
g 896 672 896 688 0 0
a 896 576 1008 576 8 5 -5 1000000 2.4999742659822672 2.5 100000
r 896 560 816 560 0 1000
w 896 560 896 528 0
r 896 528 1008 528 0 1000
w 1008 528 1008 576 0
207 1472 592 1520 592 4 O
207 816 560 784 560 4 I
I 928 480 1024 480 0 0.5 5
f 992 624 1040 624 32 1.5 0.02
w 1008 576 1040 576 0
w 1040 608 1040 576 0
w 1040 640 1072 640 0
w 816 560 816 448 0
w 816 448 1072 448 0
w 1072 448 1072 464 0
207 928 480 896 480 4 T
207 992 624 960 624 4 T
r 1072 496 1152 496 0 33000
r 1072 640 1152 640 0 33000
w 1152 640 1152 560 0
w 1152 560 1152 496 0
w 1152 560 1216 560 0
g 1216 592 1216 608 0 0
w 1216 560 1216 528 0
r 1216 528 1312 528 0 33000
w 1312 528 1312 576 0
a 1216 576 1312 576 8 15 -15 1000000 0.000024295878766135696 0 100000
w 1216 528 1216 496 0
c 1216 496 1312 496 0 2.2e-11 2.4296121724923356 0.001
w 1312 496 1312 528 0
r 1312 576 1376 576 0 33000
w 1472 512 1472 544 0
c 1376 512 1472 512 0 4.7e-11 -2.429563581220711 0.001
w 1376 544 1376 512 0
a 1376 592 1472 592 8 15 -15 1000000 -0.000024295392858278525 0 100000
w 1472 544 1472 592 0
r 1376 544 1472 544 0 33000
w 1376 576 1376 544 0
g 1376 608 1376 624 0 0
