$ 1 0.000015625 49.687244006919805 57 5 50 5e-11
w 352 144 352 192 0
w 256 144 256 176 0
a 256 192 352 192 12 15 -15 1000000 -0.013519943776021202 0 1000
c 160 176 256 176 0 0.000001 1.0923492620610096 0.001
r 256 144 352 144 0 8200
a 352 208 480 208 12 15 -15 1000000 13.519943776021202 0 1000
g 352 224 352 320 0 0
g 256 208 256 320 0 0
212 480 176 544 176 0 2 (a*b)/15
w 160 176 160 112 0
w 160 112 480 112 0
w 480 112 480 176 0
g 576 208 576 224 0 0
211 576 176 640 176 0 1 8000 1
411 160 176 112 176 0 1 40 5 0 0 0.5 5 0 1
o 13 8 0 4098 5 0.00009765625 0 1
