$ 1 0.0000026041666666666666 0.22070718156067046 50 5 50 5e-11
t 352 448 400 448 0 1 -1.0338870800766784 -0.430573336256253 100 default
g 400 464 400 576 0 0
t 400 432 448 432 0 1 0.5735032368821574 0.6033137438204255 100 default
g 448 448 448 576 0 0
w 448 416 448 400 0
r 448 400 448 304 0 10000
R 448 304 448 272 0 0 40 5 0 0 0.5
r 352 448 272 448 0 18000
r 400 432 400 304 0 10000
w 400 304 448 304 0
r 352 448 352 560 0 5600
g 352 560 352 576 0 0
411 192 448 144 448 0 1 40 5 0 0 0.5 5 0 2
c 192 448 272 448 0 0.00001 -2.168900392213861 0.001
r 272 448 272 304 0 6800
r 272 448 272 560 0 6800
g 272 560 272 576 0 0
w 272 304 400 304 0
211 448 400 512 400 0 1 48000 1
o 18 64 0 4354 5 0.1 0 1
