$ 1 0.0000078125 0.0129812176855438 50 5 50 5e-11
R 464 224 432 224 1 6 100 2.5 2.5 0 0.5
r 560 176 560 80 0 100000
r 528 224 464 224 0 1000
t 528 224 560 224 0 1 0.6116635020088207 0.62941822396788 100 default
g 560 240 560 272 0 0
t 464 64 560 64 0 1 -3.02969054573735 0.4783957671316741 100 default
d 560 -16 560 48 2 1N4148
R 560 -16 560 -48 0 0 40 5 0 0 0.5
c 464 64 464 128 0 1e-7 1.5850183517398344 0.001
g 464 128 464 144 0 0
w 336 64 336 32 0
d 336 32 400 32 2 1N4148
194 240 64 304 64 0 true 0.000007813
w 560 -16 624 -16 0
211 624 192 688 192 0 1 16000 1
400 560 176 624 176 1 0\s1\s-4.98224527804094\s-0.21947629176275021\s100\sdefault 0\s1\s-4.76276898627819\s0.23723003685197927\s100\sdefault 1
g 624 256 624 272 0 0
r 624 256 624 192 0 1000
R 144 64 112 64 1 2 50 2.5 2.5 0 0.5
w 624 -16 624 160 0
r 400 32 464 32 0 33
w 464 32 464 64 0
. Clap\sCounter 0 2 3 4 CLK 4 0 2 LONG 3 2 3 O 11 0 3 R 1 2 2 InverterElm\s1\s2\rRingCounterElm\s4\s2\s5\s6\s7\s3\s3\rOrGateElm\s7\s6\s5\s10\rAndGateElm\s10\s4\s11 0\\s0.5\\s5\s2\\s4\\s5\\s0\\s0\\s0\s0\\s3\\s5\\s5\s0\\s2\\s0\\s5
410 144 64 208 64 1 Clap\sCounter 0\s0.5\s5 2\s4\s0\s0\s0\s5 0\s3\s0\s5 0\s2\s0\s5
w 464 64 416 64 0
I 240 144 320 144 0 0.5 5
w 240 128 240 144 0
t 384 144 416 144 0 1 -1.585017930485342 1.6850179304824304e-8 100 default
r 416 128 416 64 0 120000
g 416 160 416 176 0 0
r 320 144 384 144 0 10000
O 336 32 336 0 0 0
w 560 208 560 176 0
t 352 192 384 192 0 1 0.5738628551227957 0.5918747128706884 100 default
r 384 64 384 176 0 560000
w 384 64 416 64 0
g 384 208 384 224 0 0
w 240 144 240 192 0
r 240 192 352 192 0 10000
o 14 8 0 4354 5 0.1 0 1
o 30 8 0 4354 0.0000762939453125 0.1 1 1
