$ 1 0.000005 10.20027730826997 50 5 50 5e-11
I 240 48 240 -48 0 0.5 5
w 176 -32 176 -48 0
w 272 -32 176 -32 0
w 272 -144 272 -32 0
w 240 -144 272 -144 0
163 112 -112 144 -112 2 4 5 0 0 0
207 240 48 240 80 4 R
207 112 -80 80 -80 4 CLK
152 272 -192 400 -192 0 3 5 5
w 208 -144 208 -176 0
w 208 -176 272 -176 0
w 272 -192 176 -192 0
w 176 -192 176 -144 0
w 144 -144 144 -208 0
w 144 -208 272 -208 0
150 400 -208 496 -208 0 2 0 5
w 112 -80 112 -240 0
w 112 -240 400 -240 0
w 400 -240 400 -224 0
207 496 -208 528 -208 4 O
207 272 -144 320 -144 4 LONG
