$ 1 0.0000026041666666666666 1.0312258501325766 50 5 50 5e-11
411 496 432 464 432 0 1 40 5 0 0 0.5 5 0 1
c 496 432 576 432 0 4.7e-7 0.13461141405821359 0.001
r 576 432 576 512 0 819.9999999999999
g 576 512 576 528 0 0
r 576 432 656 432 0 220.00000000000003
l 656 432 656 512 0 0.01 -0.0009567346000451535 0
g 656 512 656 528 0 0
c 656 432 736 432 0 0.0000018 0.0068764852228360915 0.001
r 736 432 736 512 0 56
g 736 512 736 528 0 0
211 896 416 960 416 0 1 48000 1
a 800 416 896 416 8 15 -15 1000000 0.025106700044219766 0.02510935362183633 100000
d 800 336 896 336 2 default
w 896 336 896 368 0
d 896 368 800 368 2 default
w 800 368 800 336 0
r 736 432 800 432 0 33000
w 896 416 896 368 0
w 800 400 800 368 0
r 800 432 800 512 0 330000
g 800 512 800 528 0 0
w 896 336 896 304 0
r 896 304 800 304 0 33000
w 800 304 800 336 0
r 800 304 720 304 0 1000
g 720 304 720 320 0 0
o 10 8 0 4354 0.625 0.1 0 1
