$ 1 0.0000078125 6.450009306485578 50 5 50 5e-11
R 400 192 368 192 1 6 100 2.5 2.5 0 0.5
r 496 176 496 80 0 100000
r 464 192 400 192 0 1000
t 464 192 496 192 0 1 0.6168635539890914 0.6347954510716916 100 default
g 496 208 496 272 0 0
t 464 64 496 64 0 1 -4.0638871683373115 0.43280989359775957 100 default
d 496 -16 496 48 2 1N4148
R 496 -16 496 -48 0 0 40 5 0 0 0.5
r 336 64 464 64 0 100000
c 464 64 464 128 0 1e-7 0.6376180485055144 0.001
g 464 128 464 144 0 0
w 336 64 336 32 0
d 336 32 400 32 2 1N4148
194 240 64 304 64 0 true 0.000007813
w 496 -16 560 -16 0
211 560 192 624 192 0 1 16000 1
400 496 176 560 176 1 0\s1\s-4.9820681029174\s-0.21929519962164395\s100\sdefault 0\s1\s-4.7627729032957555\s0.23722611998152507\s100\sdefault 1
g 560 256 560 272 0 0
r 560 256 560 192 0 1000
R 240 64 208 64 1 2 50 2.5 2.5 0 0.5
w 560 -16 560 160 0
r 400 32 464 32 0 33
w 464 32 464 64 0
o 15 8 0 4354 5 0.1 0 1
