$ 1 0.000011337868480725624 0 50 5 50
189 464 352 496 352 0
R 432 384 400 384 1 2 100 2.5 2.5 0 0.5
w 432 384 464 384 0
r 528 320 528 256 0 2200
r 560 320 560 256 0 2200
r 592 320 592 256 0 2200
r 624 320 624 256 0 2200
r 656 320 656 256 0 2200
r 688 320 688 256 0 2200
r 720 320 720 256 0 2200
r 752 320 752 256 0 2200
r 1088 256 1152 256 0 2200
g 1152 256 1152 272 0
r 752 256 720 256 0 1000
r 720 256 688 256 0 1000
r 688 256 656 256 0 1000
r 656 256 624 256 0 1000
r 624 256 592 256 0 1000
r 592 256 560 256 0 1000
r 560 256 528 256 0 1000
w 864 256 864 208 0
c 864 208 752 208 0 0.000009999999999999999 2.5040683690014807
g 656 208 656 224 0
r 752 208 656 208 0 10000
211 752 208 752 144 0 1 11025 1
r 864 256 752 256 0 1000
r 896 256 864 256 0 1000
r 928 256 896 256 0 1000
r 960 256 928 256 0 1000
r 992 256 960 256 0 1000
r 1024 256 992 256 0 1000
r 1056 256 1024 256 0 1000
r 1088 256 1056 256 0 1000
r 1088 320 1088 256 0 2200
r 1056 320 1056 256 0 2200
r 1024 320 1024 256 0 2200
r 992 320 992 256 0 2200
r 960 320 960 256 0 2200
r 928 320 928 256 0 2200
r 896 320 896 256 0 2200
r 864 320 864 256 0 2200
189 800 352 832 352 0
w 752 320 800 320 0
w 800 320 800 384 0
w 800 416 800 448 0
w 800 448 464 448 0
w 464 448 464 416 0
I 400 416 464 416 0 0.5 5
170 400 416 352 416 3 10000 50 5 1
o 24 16 0 4098 5 0.1 0 1
