$ 1 0.000005 10.20027730826997 50 5 50
164 -256 -544 -208 -544 0 8 0 0 0 0 0 0 0 0 false 0
154 -128 -528 -16 -528 0 2 5 5
154 -96 -464 16 -464 0 2 5 5
154 -64 -400 48 -400 0 2 5 5
154 -32 -336 80 -336 0 2 5 5
154 0 -272 112 -272 0 2 5 5
154 32 -208 144 -208 0 2 5 5
154 64 -144 176 -144 0 2 5 5
154 96 -80 208 -80 0 2 5 5
w -160 -544 -128 -544 0
w -160 -512 -144 -512 0
w -144 -512 -144 -496 0
w -112 -480 -96 -480 0
w -144 -496 -112 -496 0
w -112 -496 -112 -480 0
w -160 -480 -144 -480 0
w -144 -480 -144 -464 0
w -144 -464 -112 -464 0
w -112 -464 -112 -432 0
w -112 -432 -80 -432 0
w -80 -432 -80 -416 0
w -80 -416 -64 -416 0
w -160 -448 -144 -448 0
w -144 -448 -144 -432 0
w -32 -352 -64 -352 0
w -64 -352 -64 -368 0
w -64 -368 -96 -368 0
w -96 -368 -96 -416 0
w -96 -416 -128 -416 0
w -144 -432 -128 -432 0
w -128 -432 -128 -416 0
w -160 -416 -144 -416 0
w -144 -416 -144 -400 0
w -144 -400 -112 -400 0
w -112 -400 -112 -352 0
w -112 -352 -80 -352 0
w -80 -352 -80 -304 0
w -80 -304 -16 -304 0
w -16 -304 -16 -288 0
w -16 -288 0 -288 0
w -160 -384 -128 -384 0
w -128 -384 -128 -336 0
w -128 -336 -96 -336 0
w -96 -336 -96 -240 0
w -96 -240 16 -240 0
w 16 -240 16 -224 0
w 16 -224 32 -224 0
w -160 -352 -144 -352 0
w -144 -352 -144 -320 0
w -144 -320 -112 -320 0
w -112 -320 -112 -176 0
w -112 -176 48 -176 0
w 48 -176 48 -160 0
w 48 -160 64 -160 0
w -160 -320 -160 -304 0
w -160 -304 -128 -304 0
w -128 -304 -128 -112 0
w -128 -112 80 -112 0
w 80 -112 80 -96 0
w 80 -96 96 -96 0
w -16 -528 16 -528 0
w 16 -528 16 -496 0
w 16 -496 240 -496 0
w 240 -496 240 -368 0
w 240 -352 224 -352 0
w 224 -352 224 -464 0
w 224 -464 16 -464 0
w 48 -400 208 -400 0
w 208 -400 208 -336 0
w 208 -336 240 -336 0
w 80 -336 192 -336 0
w 192 -336 192 -320 0
w 192 -320 240 -320 0
w 240 -288 192 -288 0
w 192 -288 192 -272 0
w 192 -272 112 -272 0
w 144 -208 208 -208 0
w 208 -208 208 -272 0
w 208 -272 240 -272 0
w 240 -256 224 -256 0
w 224 -256 224 -144 0
w 224 -144 176 -144 0
w 208 -80 240 -80 0
w 240 -80 240 -240 0
w 464 -304 464 -368 0
w 464 -368 496 -368 0
155 496 -400 544 -400 0 5
w 496 -400 496 -432 0
w 496 -432 608 -432 0
w 608 -432 608 -336 0
w 608 -336 592 -336 0
207 592 -400 640 -400 4 O
w 464 -304 464 -32 0
w 464 -32 -256 -32 0
w -256 -32 -256 -320 0
207 -256 -544 -288 -544 4 CLK
207 -144 64 -192 64 4 I0
207 -144 32 -192 32 4 I1
207 -144 0 -192 0 4 I2
207 -144 -48 -192 -48 4 I3
207 -144 -80 -192 -80 4 I4
207 -224 -144 -304 -144 4 I5
207 -224 -208 -304 -208 4 I6
207 -128 -640 -128 -672 4 I7
150 240 -304 368 -304 0 8 5 5
w 368 -304 464 -304 0
I -128 -640 -128 -512 0 0.5 5
w -96 -448 -96 -208 0
w -96 -208 -144 -208 0
I -224 -208 -144 -208 0 0.5 5
w -64 -384 -64 -144 0
I -224 -144 -144 -144 0 0.5 5
w -144 -144 -64 -144 0
w -32 -320 -32 -80 0
I -144 -80 -32 -80 0 0.5 5
w 0 -256 0 -48 0
I -144 -48 0 -48 0 0.5 5
w 32 -192 32 0 0
I -144 0 32 0 0 0.5 5
I -144 32 64 32 0 0.5 5
w 64 32 64 -128 0
I -144 64 96 64 0 0.5 5
w 96 64 96 -64 0
207 240 -496 320 -496 4 O0
207 224 -464 320 -464 4 O1
207 208 -400 320 -400 4 O2
207 192 -320 144 -320 4 O3
207 192 -288 144 -288 4 O4
207 208 -208 320 -208 4 O5
207 224 -144 320 -144 4 O6
207 240 -80 320 -80 4 O7
