$ 1 0.000005 35.60246606707791 50 5 50 5e-11
R 736 96 736 64 0 0 40 5 0 0 0.5
g 688 288 688 416 0 0
s 576 272 576 336 0 1 true
c 576 336 576 400 0 4.7e-11 1.26086e-319 0.001
g 576 400 576 416 0 0
g 624 400 624 416 0 0
w 576 272 624 272 0
s 624 272 624 400 0 1 false
t 624 272 688 272 0 -1 4.562769345267423 -0.2184845180179673 100 default
t 736 144 688 144 0 -1 0 -0.21873044183299317 100 default
w 688 160 688 176 0
w 688 176 736 176 0
w 736 176 736 144 0
r 688 256 688 176 0 33000
w 736 96 688 96 0
w 688 96 688 128 0
w 736 96 784 96 0
w 784 96 784 128 0
162 816 96 816 240 2 default-led 1 0 0 0.01
g 816 400 816 416 0 0
w 576 336 544 336 0
r 544 336 544 400 0 1000
g 544 400 544 416 0 0
t 736 144 784 144 0 -1 4.442679388225757 -0.21873044183299317 100 default
t 784 256 816 256 0 1 -4.057993173522702 0.33856719374625727 100 default
w 816 96 784 96 0
w 784 160 784 256 0
r 816 400 816 272 0 470
x 421 306 561 309 4 24 human\sfinger
x 635 379 673 382 4 24 test
o 8 64 1 4355 5 0.00009765625 0 1
o 13 64 0 4353 0.0000762939453125 0.00009765625 0 2 13 3
o 27 64 0 4353 0.0000762939453125 0.00625 0 2 27 3
