$ 1 0.0000078125 0 50 5 50
r 432 336 432 272 0 2200
r 432 272 496 272 0 1000
r 496 272 560 272 0 1000
r 496 336 496 272 0 2200
r 624 336 624 272 0 2200
r 624 272 688 272 0 2200
r 560 272 624 272 0 1000
r 560 336 560 272 0 2200
167 336 336 400 336 0 4
R 336 432 304 432 0 0 40 5 0 0 0.5
w 432 368 496 368 0
w 496 368 496 336 0
w 432 400 560 400 0
w 560 400 560 336 0
w 432 432 624 432 0
w 624 432 624 336 0
R 336 336 304 336 1 4 440 2.5 2.5 0 0.5
g 688 272 688 288 0
211 912 176 912 96 0 1 16000 1
155 720 304 768 304 0 5
w 720 304 720 272 0
w 720 272 832 272 0
w 832 272 832 368 0
w 832 368 816 368 0
w 832 496 816 496 0
w 832 400 832 496 0
w 720 400 832 400 0
w 720 432 720 400 0
155 720 432 768 432 0 0
w 832 240 816 240 0
w 832 144 832 240 0
w 720 144 832 144 0
w 720 176 720 144 0
155 720 176 768 176 0 5
155 720 560 768 560 0 0
w 720 560 720 528 0
w 720 528 832 528 0
w 832 528 832 624 0
w 832 624 816 624 0
w 624 432 624 592 0
w 624 592 720 592 0
w 560 400 704 400 0
w 704 400 704 464 0
w 704 464 720 464 0
w 496 368 720 368 0
w 720 368 720 336 0
w 432 336 704 336 0
w 704 336 704 208 0
w 704 208 720 208 0
r 816 176 912 176 0 2200
r 816 304 912 304 0 2200
r 816 432 912 432 0 2200
r 816 560 912 560 0 2200
r 912 560 912 432 0 1000
r 912 432 912 304 0 1000
r 912 304 912 176 0 1000
r 912 560 1008 560 0 2200
g 1008 560 1008 576 0
o 18 2 0 4098 5 0.1 0 1
